<?xml version="1.0"?>
<opencv_storage>
<D1 type_id="opencv-matrix">
  <rows>1</rows>
  <cols>5</cols>
  <dt>d</dt>
  <data>
    3.0021649418121188e-01 -2.3577398670197010e+00 0. 0.
    1.6967862092733603e+00</data></D1>
</opencv_storage>
