<?xml version="1.0"?>
<opencv_storage>
<D2 type_id="opencv-matrix">
  <rows>1</rows>
  <cols>5</cols>
  <dt>d</dt>
  <data>
    7.9203649183109487e-02 1.5430354189742965e+00 0. 0.
    -1.3292671701565505e+01</data></D2>
</opencv_storage>
