<?xml version="1.0"?>
<opencv_storage>
<M1 type_id="opencv-matrix">
  <rows>3</rows>
  <cols>3</cols>
  <dt>d</dt>
  <data>
    6.0967786383153884e+02 0. 2.7383775856678659e+02 0.
    6.0967786383153884e+02 2.8193999689978898e+02 0. 0. 1.</data></M1>
</opencv_storage>
