<?xml version="1.0"?>
<opencv_storage>
<M2 type_id="opencv-matrix">
  <rows>3</rows>
  <cols>3</cols>
  <dt>d</dt>
  <data>
    6.0967786383153884e+02 0. 3.3534516080439261e+02 0.
    6.0967786383153884e+02 1.0940270450394247e+02 0. 0. 1.</data></M2>
</opencv_storage>
