<?xml version="1.0"?>
<opencv_storage>
<P1 type_id="opencv-matrix">
  <rows>3</rows>
  <cols>4</cols>
  <dt>d</dt>
  <data>
    6.0967786383153884e+02 0. 2.8909933495521545e+02 0. 0.
    6.0967786383153884e+02 4.1503385162353516e+02 0. 0. 0. 1. 0.</data></P1>
</opencv_storage>
