<?xml version="1.0"?>
<opencv_storage>
<P2 type_id="opencv-matrix">
  <rows>3</rows>
  <cols>4</cols>
  <dt>d</dt>
  <data>
    6.0967786383153884e+02 0. 2.8909933495521545e+02 0. 0.
    6.0967786383153884e+02 3.2357818984985352e+02 1.5816829928462743e+04
    0. 0. 1. 0.</data></P2>
</opencv_storage>
