<?xml version="1.0"?>
<opencv_storage>
<Q type_id="opencv-matrix">
  <rows>4</rows>
  <cols>4</cols>
  <dt>d</dt>
  <data>
    1. 0. 0. -2.8909933495521545e+02 0. 1. 0. -4.1503385162353516e+02 0.
    0. 0. 6.0967786383153884e+02 0. 0. -3.8546147779866417e-02
    3.5252634540338126e+00</data></Q>
</opencv_storage>
