<?xml version="1.0"?>
<opencv_storage>
<R1 type_id="opencv-matrix">
  <rows>3</rows>
  <cols>3</cols>
  <dt>d</dt>
  <data>
    7.6700928158072212e-01 6.4071451231462162e-01 3.4375509864750034e-02
    -6.3261886045039317e-01 7.6409438706889632e-01
    -1.2630576017052386e-01 -1.0719206767047168e-01
    7.5131094489861064e-02 9.9139557154008140e-01</data></R1>
</opencv_storage>
