<?xml version="1.0"?>
<opencv_storage>
<R2 type_id="opencv-matrix">
  <rows>3</rows>
  <cols>3</cols>
  <dt>d</dt>
  <data>
    8.2712576656788483e-01 5.6060666078195431e-01
    -3.9788668819100308e-02 -5.5228013171060730e-01
    8.2387767189381433e-01 1.2732728644144919e-01 1.0416152071280263e-01
    -8.3341188146889830e-02 9.9106237137783670e-01</data></R2>
</opencv_storage>
